0 3 22 1 7 0 1 0 0 1
1 1 38 1 71 1 0 1 0 0
1 3 26 0 7 1 0 0 0 1
1 1 35 1 53 1 0 0 0 1
0 3 35 0 8 0 1 0 0 1
0 3 29 0 8 0 1 0 1 0
0 1 54 0 51 0 1 0 0 1
0 3 2 3 21 0 1 0 0 1
1 3 27 0 11 1 0 0 0 1
1 2 14 1 30 1 0 1 0 0
1 3 4 1 16 1 0 0 0 1
1 1 58 0 26 1 0 0 0 1
0 3 20 0 8 0 1 0 0 1
0 3 39 1 31 0 1 0 0 1
0 3 14 0 7 1 0 0 0 1
1 2 55 0 16 1 0 0 0 1
0 3 2 4 29 0 1 0 1 0
1 2 29 0 13 0 1 0 0 1
0 3 31 1 18 1 0 0 0 1
1 3 29 0 7 1 0 1 0 0
0 2 35 0 26 0 1 0 0 1
1 2 34 0 13 0 1 0 0 1
1 3 15 0 8 1 0 0 1 0
1 1 28 0 35 0 1 0 0 1
0 3 8 3 21 1 0 0 0 1
1 3 38 1 31 1 0 0 0 1
0 3 29 0 7 0 1 1 0 0
0 1 19 3 263 0 1 0 0 1
1 3 29 0 7 1 0 0 1 0
0 3 29 0 7 0 1 0 0 1
0 1 40 0 27 0 1 1 0 0
1 1 29 1 146 1 0 1 0 0
1 3 29 0 7 1 0 0 1 0
0 2 66 0 10 0 1 0 0 1
0 1 28 1 82 0 1 1 0 0
0 1 42 1 52 0 1 0 0 1
1 3 29 0 7 0 1 1 0 0
0 3 21 0 8 0 1 0 0 1
0 3 18 2 18 1 0 0 0 1
1 3 14 1 11 1 0 1 0 0
0 3 40 1 9 1 0 0 0 1
0 2 27 1 21 1 0 0 0 1
0 3 29 0 7 0 1 1 0 0
1 2 3 1 41 1 0 1 0 0
1 3 19 0 7 1 0 0 1 0
0 3 29 0 8 0 1 0 0 1
0 3 29 1 15 0 1 0 1 0
1 3 29 0 7 1 0 0 1 0
0 3 29 2 21 0 1 1 0 0
0 3 18 1 17 1 0 0 0 1
0 3 7 4 39 0 1 0 0 1
0 3 21 0 7 0 1 0 0 1
1 1 49 1 76 1 0 1 0 0
1 2 29 1 26 1 0 0 0 1
0 1 65 0 61 0 1 1 0 0
1 1 29 0 35 0 1 0 0 1
1 2 21 0 10 1 0 0 0 1
0 3 28 0 7 0 1 1 0 0
1 2 5 1 27 1 0 0 0 1
0 3 11 5 46 0 1 0 0 1
0 3 22 0 7 0 1 1 0 0
1 1 38 0 80 1 0 0 0 0
0 1 45 1 83 0 1 0 0 1
0 3 4 3 27 0 1 0 0 1
0 1 29 0 27 0 1 1 0 0
1 3 29 1 15 0 1 1 0 0
1 2 29 0 10 1 0 0 0 1
0 3 19 0 8 0 1 0 0 1
1 3 17 4 7 1 0 0 0 1
0 3 26 2 8 0 1 0 0 1
0 2 32 0 10 0 1 0 0 1
0 3 16 5 46 1 0 0 0 1
0 2 21 0 73 0 1 0 0 1
0 3 26 1 14 0 1 1 0 0
1 3 32 0 56 0 1 0 0 1
0 3 25 0 7 0 1 0 0 1
0 3 29 0 7 0 1 0 0 1
0 3 29 0 8 0 1 0 0 1
1 2 0 0 29 0 1 0 0 1
1 3 30 0 12 1 0 0 0 1
0 3 22 0 9 0 1 0 0 1
1 3 29 0 9 0 1 0 0 1
1 3 29 0 7 1 0 0 1 0
0 1 28 0 47 0 1 0 0 1
1 2 17 0 10 1 0 0 0 1
1 3 33 3 15 1 0 0 0 1
0 3 16 1 34 0 1 0 0 1
0 3 29 0 8 0 1 0 0 1
1 1 23 3 263 1 0 0 0 1
0 3 24 0 8 0 1 0 0 1
0 3 29 0 8 0 1 0 0 1
0 3 20 0 7 0 1 0 0 1
0 1 46 1 61 0 1 0 0 1
0 3 26 1 20 0 1 0 0 1
0 3 59 0 7 0 1 0 0 1
0 3 29 0 8 0 1 0 0 1
0 1 71 0 34 0 1 1 0 0
1 1 23 0 63 0 1 1 0 0
1 2 34 0 23 1 0 0 0 1
0 2 34 1 26 0 1 0 0 1
0 3 28 0 7 1 0 0 0 1
0 3 29 0 7 0 1 0 0 1
0 1 21 0 77 0 1 0 0 1
0 3 33 0 8 0 1 0 0 1
0 3 37 2 7 0 1 0 0 1
0 3 28 0 7 0 1 0 0 1
1 3 21 0 7 1 0 0 0 1
1 3 29 0 7 0 1 0 0 1
0 3 38 0 7 0 1 0 0 1
1 3 29 1 24 1 0 0 1 0
0 1 47 0 52 0 1 0 0 1
0 3 14 1 14 1 0 1 0 0
0 3 22 0 8 0 1 0 0 1
0 3 20 1 9 1 0 0 0 1
0 3 17 0 14 1 0 1 0 0
0 3 21 0 7 0 1 0 0 1
0 3 70 0 7 0 1 0 1 0
0 2 29 1 21 0 1 0 0 1
0 1 24 0 247 0 1 1 0 0
0 3 2 4 31 1 0 0 0 1
0 2 21 2 73 0 1 0 0 1
0 3 29 0 8 0 1 0 0 1
0 2 32 1 30 0 1 1 0 0
1 2 32 0 13 1 0 0 0 1
0 1 54 0 77 0 1 0 0 1
1 3 12 1 11 0 1 1 0 0
0 3 29 0 7 0 1 0 1 0
1 3 24 0 7 0 1 0 0 1
1 3 29 1 22 1 0 1 0 0
0 3 45 0 6 0 1 0 0 1
0 3 33 0 7 0 1 1 0 0
0 3 20 0 7 0 1 0 0 1
0 3 47 1 14 1 0 0 0 1
1 2 29 1 26 1 0 0 0 1
0 2 25 0 13 0 1 0 0 1
0 2 23 0 15 0 1 1 0 0
1 1 19 0 26 1 0 0 0 1
0 1 37 1 53 0 1 0 0 1
0 3 16 0 9 0 1 0 0 1
0 1 24 0 79 0 1 1 0 0
0 3 29 0 15 1 0 1 0 0
1 3 22 0 7 1 0 0 0 1
1 3 24 1 15 1 0 0 0 1
0 3 19 0 6 0 1 0 1 0
0 2 18 0 11 0 1 0 0 1
0 2 19 1 36 0 1 0 0 1
1 3 27 0 7 0 1 0 0 1
0 3 9 2 34 1 0 0 0 1
0 2 36 0 26 0 1 0 0 1
0 2 42 0 13 0 1 0 0 1
0 2 51 0 12 0 1 0 0 1
1 1 22 1 66 1 0 0 0 1
0 3 55 0 8 0 1 0 0 1
0 3 40 0 14 0 1 0 0 1
0 3 29 0 7 0 1 0 0 1
0 1 51 0 61 0 1 1 0 0
1 3 16 0 7 1 0 0 1 0
0 3 30 0 8 0 1 0 0 1
0 3 29 0 8 0 1 0 0 1
0 3 29 8 69 0 1 0 0 1
0 3 44 0 16 0 1 0 0 1
1 2 40 0 15 1 0 0 0 1
0 3 26 0 7 0 1 0 0 1
0 3 17 0 8 0 1 0 0 1
0 3 1 4 39 0 1 0 0 1
1 3 9 0 20 0 1 0 0 1
1 1 29 0 55 1 0 0 0 1
0 3 45 1 27 1 0 0 0 1
0 1 29 0 25 0 1 0 0 1
0 3 28 0 56 0 1 0 0 1
0 1 61 0 33 0 1 0 0 1
0 3 4 4 29 0 1 0 1 0
1 3 1 1 11 1 0 0 0 1
0 3 21 0 7 0 1 0 0 1
0 1 56 0 30 0 1 1 0 0
0 3 18 1 7 0 1 0 0 1
0 3 29 3 25 0 1 0 0 1
0 1 50 0 28 1 0 1 0 0
0 2 30 0 13 0 1 0 0 1
0 3 36 0 0 0 1 0 0 1
0 3 29 8 69 1 0 0 0 1
0 2 29 0 15 0 1 1 0 0
0 3 9 4 31 0 1 0 0 1
1 2 1 2 39 0 1 0 0 1
1 3 4 0 22 1 0 0 0 1
0 1 29 0 50 0 1 0 0 1
1 3 29 1 15 1 0 0 1 0
1 1 45 0 26 0 1 0 0 1
0 3 40 1 15 0 1 0 1 0
0 3 36 0 7 0 1 0 0 1
1 2 32 0 13 1 0 0 0 1
0 2 19 0 13 0 1 0 0 1
1 3 19 1 7 1 0 0 0 1
1 2 3 1 26 0 1 0 0 1
1 1 44 0 27 1 0 1 0 0
1 1 58 0 146 1 0 1 0 0
0 3 29 0 7 0 1 0 1 0
0 3 42 0 8 0 1 0 0 1
1 3 29 0 7 1 0 0 1 0
0 2 24 0 13 1 0 0 0 1
0 3 28 0 9 0 1 0 0 1
0 3 29 8 69 0 1 0 0 1
0 3 34 0 6 0 1 0 0 1
0 3 45 0 7 0 1 1 0 0
1 3 18 0 8 0 1 0 0 1
0 3 2 0 10 1 0 0 0 1
0 3 32 1 15 0 1 0 0 1
1 3 26 0 18 0 1 1 0 0
1 3 16 0 7 1 0 0 1 0
1 1 40 0 31 0 1 1 0 0
0 3 24 0 7 0 1 0 0 1
1 2 35 0 21 1 0 0 0 1
0 3 22 0 7 0 1 0 0 1
0 2 30 0 13 0 1 0 0 1
0 3 29 1 7 0 1 0 1 0
1 1 31 1 113 1 0 1 0 0
1 3 27 0 7 1 0 0 0 1
0 2 42 1 27 0 1 0 0 1
1 1 32 0 76 1 0 1 0 0
0 2 30 0 10 0 1 0 0 1
1 3 16 0 8 0 1 0 0 1
0 2 27 0 13 0 1 0 0 1
0 3 51 0 8 0 1 0 0 1
0 3 29 0 7 0 1 0 0 1
1 1 38 1 90 0 1 0 0 1
0 3 22 0 9 0 1 0 0 1
1 2 19 0 10 0 1 0 0 1
0 3 20 0 7 0 1 0 0 1
0 2 18 0 13 0 1 0 0 1
0 3 29 3 25 1 0 0 0 1
1 1 35 1 83 1 0 0 0 1
0 3 29 0 7 0 1 0 0 1
0 2 59 0 13 0 1 0 0 1
1 3 5 4 31 1 0 0 0 1
0 2 24 0 10 0 1 0 0 1
0 3 29 0 7 1 0 0 0 1
0 2 44 1 26 0 1 0 0 1
1 2 8 0 26 1 0 0 0 1
0 2 19 0 10 0 1 0 0 1
0 2 33 0 12 0 1 0 0 1
0 3 29 1 14 1 0 1 0 0
1 3 29 1 15 1 0 0 1 0
0 2 29 0 10 0 1 0 0 1
0 3 22 0 7 0 1 0 0 1
0 3 30 0 7 0 1 1 0 0
0 1 44 2 90 0 1 0 1 0
0 3 25 0 7 1 0 0 0 1
1 2 24 0 14 1 0 0 0 1
1 1 37 1 52 0 1 0 0 1
0 2 54 1 26 0 1 0 0 1
0 3 29 0 7 0 1 0 0 1
0 3 29 1 10 1 0 0 0 1
0 1 62 0 26 0 1 0 0 1
0 3 30 1 16 0 1 0 0 1
0 3 41 0 20 1 0 0 0 1
1 3 29 0 15 1 0 1 0 0
1 1 29 0 79 1 0 1 0 0
1 1 30 0 86 1 0 0 0 1
1 1 35 0 512 1 0 1 0 0
1 2 50 0 26 1 0 0 0 1
0 3 29 0 7 0 1 0 1 0
1 3 3 4 31 0 1 0 0 1
0 1 52 1 79 0 1 0 0 1
0 1 40 0 0 0 1 0 0 1
0 3 29 0 7 1 0 0 1 0
0 2 36 0 10 0 1 0 0 1
0 3 16 4 39 0 1 0 0 1
1 3 25 1 7 0 1 0 0 1
1 1 58 0 153 1 0 0 0 1
1 1 35 0 135 1 0 0 0 1
0 1 29 0 31 0 1 0 0 1
1 3 25 0 0 0 1 0 0 1
1 2 41 0 19 1 0 0 0 1
0 1 37 0 29 0 1 1 0 0
1 3 29 0 7 1 0 0 1 0
1 1 63 1 77 1 0 0 0 1
0 3 45 0 7 1 0 0 0 1
0 2 29 0 0 0 1 0 0 1
0 3 7 4 29 0 1 0 1 0
1 3 35 1 20 1 0 0 0 1
0 3 65 0 7 0 1 0 1 0
0 3 28 0 7 0 1 0 0 1
0 3 16 0 9 0 1 0 0 1
1 3 19 0 8 0 1 0 0 1
0 1 29 0 26 0 1 0 0 1
0 3 33 0 8 0 1 1 0 0
1 3 30 0 9 0 1 0 0 1
0 3 22 0 7 0 1 0 0 1
1 2 42 0 13 0 1 0 0 1
1 3 22 0 7 1 0 0 1 0
1 1 26 0 78 1 0 0 0 1
1 1 19 1 91 1 0 1 0 0
0 2 36 0 12 0 1 1 0 0
0 3 24 0 8 1 0 0 0 1
0 3 24 0 7 0 1 0 0 1
0 1 29 0 27 0 1 1 0 0
0 3 23 0 7 0 1 1 0 0
0 1 2 1 151 1 0 0 0 1
1 1 29 0 30 0 1 0 0 1
1 1 50 0 247 1 0 1 0 0
1 3 29 0 7 1 0 0 1 0
1 3 29 2 23 0 1 0 1 0
0 3 19 0 0 0 1 0 0 1
1 2 29 0 12 1 0 0 1 0
0 3 29 0 8 0 1 0 0 1
1 1 0 1 151 0 1 0 0 1
1 1 29 0 110 1 0 1 0 0
1 1 17 1 108 1 0 1 0 0
0 2 30 1 24 0 1 1 0 0
1 1 30 0 56 1 0 1 0 0
1 1 24 0 83 1 0 1 0 0
1 1 18 2 262 1 0 1 0 0
0 2 26 1 26 1 0 0 0 1
0 3 28 0 7 0 1 0 0 1
0 2 43 1 26 0 1 0 0 1
1 3 26 0 7 1 0 0 0 1
1 2 24 1 26 1 0 0 0 1
0 2 54 0 14 0 1 0 0 1
1 1 31 0 164 1 0 0 0 1
1 1 40 1 134 1 0 1 0 0
0 3 22 0 7 0 1 0 0 1
0 3 27 0 7 0 1 0 0 1
1 2 30 0 12 1 0 0 1 0
1 2 22 1 29 1 0 0 0 1
0 3 29 8 69 0 1 0 0 1
1 1 36 0 135 1 0 1 0 0
0 3 61 0 6 0 1 0 0 1
1 2 36 0 13 1 0 0 0 1
1 3 31 1 20 1 0 0 0 1
1 1 16 0 57 1 0 1 0 0
1 3 29 2 23 1 0 0 1 0
0 1 45 0 28 0 1 0 0 1
0 1 38 0 153 0 1 0 0 1
0 3 16 2 18 0 1 0 0 1
1 1 29 1 133 1 0 0 0 1
0 3 29 0 7 0 1 0 0 1
0 1 29 1 66 0 1 0 0 1
1 1 41 0 134 1 0 1 0 0
1 3 45 0 8 0 1 0 0 1
0 1 45 0 35 0 1 0 0 1
1 2 2 1 26 0 1 0 0 1
1 1 24 3 263 1 0 0 0 1
0 2 28 0 13 0 1 0 0 1
0 2 25 0 13 0 1 0 0 1
0 2 36 0 13 0 1 0 0 1
1 2 24 0 13 1 0 0 0 1
1 2 40 0 13 1 0 0 0 1
1 3 29 1 16 1 0 0 0 1
1 3 3 1 15 0 1 0 0 1
0 3 42 0 8 0 1 0 0 1
0 3 23 0 9 0 1 0 0 1
0 1 29 0 35 0 1 0 0 1
0 3 15 1 7 0 1 1 0 0
0 3 25 1 17 0 1 0 0 1
0 3 29 0 7 0 1 1 0 0
0 3 28 0 9 0 1 0 0 1
1 1 22 0 55 1 0 0 0 1
0 2 38 0 13 1 0 0 0 1
1 3 29 0 7 1 0 0 1 0
1 3 29 0 7 1 0 0 1 0
0 3 40 1 27 0 1 0 0 1
0 2 29 1 27 0 1 1 0 0
0 3 45 0 14 1 0 1 0 0
0 3 35 0 7 0 1 0 0 1
0 3 29 1 15 0 1 0 1 0
0 3 30 0 7 0 1 0 0 1
1 1 60 1 75 1 0 1 0 0
1 3 29 0 7 1 0 1 0 0
1 3 29 0 7 1 0 0 1 0
1 1 24 0 69 1 0 1 0 0
1 1 25 1 55 0 1 1 0 0
0 3 18 1 6 0 1 0 0 1
0 3 19 0 8 0 1 0 0 1
0 1 22 0 135 0 1 1 0 0
0 3 3 3 21 1 0 0 0 1
1 1 29 1 82 1 0 1 0 0
1 3 22 0 7 1 0 0 0 1
0 1 27 0 211 0 1 1 0 0
0 3 20 0 4 0 1 1 0 0
0 3 19 0 7 0 1 0 0 1
1 1 42 0 227 1 0 1 0 0
1 3 1 0 15 1 0 1 0 0
0 3 32 0 7 0 1 0 0 1
1 1 35 1 52 1 0 0 0 1
0 3 29 0 7 0 1 0 0 1
0 2 18 0 73 0 1 0 0 1
0 3 1 5 46 0 1 0 0 1
1 2 36 0 13 1 0 0 0 1
0 3 29 0 7 0 1 0 1 0
1 2 17 0 12 1 0 1 0 0
1 1 36 1 120 0 1 0 0 1
1 3 21 0 7 0 1 0 0 1
0 3 28 2 7 0 1 0 0 1
1 1 23 1 113 1 0 1 0 0
1 3 24 0 16 1 0 0 0 1
0 3 22 0 7 0 1 0 0 1
0 3 31 0 7 1 0 0 0 1
0 2 46 0 26 0 1 0 0 1
0 2 23 0 10 0 1 0 0 1
1 2 28 0 12 1 0 0 0 1
1 3 39 0 7 0 1 0 0 1
0 3 26 0 8 0 1 0 0 1
0 3 21 1 9 1 0 0 0 1
0 3 28 1 15 0 1 0 0 1
0 3 20 0 8 1 0 0 0 1
0 2 34 1 21 0 1 0 0 1
0 3 51 0 7 0 1 0 0 1
1 2 3 1 18 0 1 0 0 1
0 3 21 0 7 0 1 0 0 1
0 3 29 3 25 1 0 0 0 1
0 3 29 0 7 0 1 0 0 1
0 3 29 0 6 0 1 0 1 0
1 1 33 1 90 1 0 0 1 0
0 2 29 0 0 0 1 0 0 1
1 3 44 0 7 0 1 0 0 1
0 3 29 0 8 1 0 0 0 1
1 2 34 1 32 1 0 0 0 1
1 2 18 0 13 1 0 0 0 1
0 2 30 0 13 0 1 0 0 1
0 3 10 0 24 1 0 0 0 1
0 3 29 0 7 0 1 1 0 0
0 3 21 0 7 0 1 0 1 0
0 3 29 0 7 0 1 0 0 1
0 3 28 1 14 1 0 0 0 1
0 3 18 1 20 0 1 0 0 1
0 3 29 0 7 0 1 0 0 1
1 2 28 1 26 1 0 0 0 1
1 2 19 0 26 1 0 0 0 1
0 3 29 0 7 0 1 0 1 0
1 3 32 0 8 0 1 0 0 1
1 1 28 0 26 0 1 0 0 1
1 3 29 1 16 1 0 0 0 1
1 2 42 1 26 1 0 0 0 1
0 3 17 0 7 0 1 0 0 1
0 1 50 1 55 0 1 0 0 1
1 1 14 1 120 1 0 0 0 1
0 3 21 2 34 1 0 0 0 1
1 2 24 2 18 1 0 0 0 1
0 1 64 1 263 0 1 0 0 1
0 2 31 0 10 0 1 0 0 1
1 2 45 1 26 1 0 0 0 1
0 3 20 0 9 0 1 0 0 1
0 3 25 1 7 0 1 0 0 1
1 2 28 0 13 1 0 0 0 1
1 3 29 0 8 0 1 0 0 1
1 1 4 0 81 0 1 0 0 1
1 2 13 0 19 1 0 0 0 1
1 1 34 0 26 0 1 0 0 1
1 3 5 2 19 1 0 1 0 0
1 1 52 0 30 0 1 0 0 1
0 2 36 1 27 0 1 0 0 1
0 3 29 1 19 0 1 0 0 1
0 1 30 0 27 0 1 1 0 0
1 1 49 1 89 0 1 1 0 0
0 3 29 0 8 0 1 0 0 1
1 3 29 0 7 0 1 1 0 0
0 1 65 0 26 0 1 0 0 1
1 1 29 1 51 1 0 0 0 1
1 2 50 0 10 1 0 0 0 1
0 3 29 0 7 0 1 0 1 0
1 1 48 0 26 0 1 0 0 1
0 3 34 0 8 0 1 0 0 1
0 1 47 0 38 0 1 0 0 1
0 2 48 0 13 0 1 0 0 1
0 3 29 0 8 0 1 0 0 1
0 3 38 0 7 0 1 0 0 1
0 2 29 0 0 0 1 0 0 1
0 1 56 0 26 0 1 0 0 1
0 3 29 0 7 0 1 0 1 0
1 3 0 2 19 1 0 1 0 0
0 3 29 0 7 0 1 0 0 1
0 3 38 0 8 0 1 0 0 1
1 2 33 1 27 1 0 0 0 1
1 2 23 0 13 1 0 1 0 0
0 3 22 0 9 1 0 0 0 1
0 1 29 0 52 0 1 0 0 1
0 2 34 1 21 0 1 0 0 1
0 3 29 1 7 0 1 0 0 1
0 3 22 0 7 0 1 0 0 1
1 3 2 0 12 1 0 0 0 1
0 3 9 5 46 0 1 0 0 1
0 2 29 0 0 0 1 0 0 1
0 3 50 0 8 0 1 0 0 1
1 3 63 0 9 1 0 0 0 1
1 1 25 1 91 0 1 1 0 0
0 3 29 3 25 1 0 0 0 1
1 1 35 1 90 1 0 0 0 1
0 1 58 0 29 0 1 1 0 0
0 3 30 0 8 0 1 0 0 1
1 3 9 1 15 0 1 0 0 1
0 3 29 1 19 0 1 0 0 1
0 3 21 0 7 0 1 0 0 1
0 1 55 0 30 0 1 0 0 1
0 1 71 0 49 0 1 1 0 0
0 3 21 0 8 0 1 0 0 1
0 3 29 0 14 0 1 1 0 0
1 1 54 1 78 1 0 1 0 0
0 3 29 0 15 0 1 0 0 1
0 1 25 1 151 1 0 0 0 1
0 3 24 0 7 0 1 0 0 1
0 3 17 0 8 0 1 0 0 1
0 3 21 0 7 1 0 0 1 0
0 3 29 0 7 1 0 0 1 0
0 3 37 0 9 1 0 0 0 1
1 1 16 0 86 1 0 0 0 1
0 1 18 1 108 0 1 1 0 0
1 2 33 0 26 1 0 0 0 1
1 1 29 0 26 0 1 0 0 1
0 3 28 0 22 0 1 0 0 1
1 3 26 0 56 0 1 0 0 1
1 3 29 0 7 0 1 0 1 0
0 3 29 0 8 0 1 0 0 1
1 1 36 0 26 0 1 0 0 1
1 1 54 1 59 1 0 1 0 0
0 3 24 0 7 0 1 0 0 1
0 1 47 0 34 0 1 0 0 1
1 2 34 0 10 1 0 0 0 1
0 3 29 0 24 0 1 0 1 0
1 2 36 1 26 1 0 0 0 1
0 3 32 0 7 0 1 0 0 1
1 1 30 0 93 1 0 0 0 1
0 3 22 0 7 0 1 0 0 1
0 3 29 0 7 0 1 1 0 0
1 1 44 0 57 1 0 1 0 0
0 3 29 0 7 0 1 1 0 0
0 3 40 0 7 0 1 0 1 0
1 2 50 0 10 1 0 0 0 1
0 1 29 0 221 0 1 0 0 1
0 3 39 0 7 0 1 0 0 1
0 2 23 2 11 0 1 0 0 1
1 2 2 1 26 1 0 0 0 1
0 3 29 0 7 0 1 1 0 0
0 3 17 1 7 0 1 1 0 0
1 3 29 0 22 1 0 1 0 0
0 3 30 0 8 1 0 0 0 1
1 2 7 0 26 1 0 0 0 1
0 1 45 0 26 0 1 0 0 1
1 1 30 0 106 1 0 1 0 0
0 3 29 0 14 0 1 0 0 1
1 1 22 0 49 1 0 1 0 0
1 1 36 0 71 1 0 0 0 1
0 3 9 4 31 1 0 0 0 1
0 3 11 4 31 1 0 0 0 1
1 2 32 1 26 0 1 0 0 1
0 1 50 1 106 0 1 1 0 0
0 1 64 0 26 0 1 0 0 1
1 2 19 1 26 1 0 0 0 1
1 2 29 0 13 0 1 1 0 0
0 3 33 1 20 0 1 0 0 1
1 2 8 1 36 0 1 0 0 1
1 1 17 0 110 0 1 1 0 0
0 2 27 0 26 0 1 0 0 1
0 3 29 0 7 0 1 0 1 0
1 3 22 0 7 0 1 1 0 0
1 3 22 0 7 1 0 0 0 1
0 1 62 0 26 0 1 0 0 1
1 1 48 1 39 1 0 1 0 0
0 1 29 0 227 0 1 1 0 0
1 1 39 1 79 1 0 0 0 1
1 3 36 1 17 1 0 0 0 1
0 3 29 0 7 0 1 0 1 0
0 3 40 0 7 0 1 0 0 1
0 2 28 0 13 0 1 0 0 1
0 3 29 0 8 0 1 0 0 1
0 3 29 0 8 1 0 0 0 1
0 3 24 2 24 0 1 0 0 1
0 3 19 0 7 0 1 0 0 1
0 3 29 0 21 1 0 0 0 1
0 3 29 0 7 0 1 1 0 0
1 3 32 0 7 0 1 0 0 1
1 2 62 0 10 0 1 0 0 1
1 1 53 2 51 1 0 0 0 1
1 1 36 0 26 0 1 0 0 1
1 3 29 0 7 1 0 0 1 0
0 3 16 0 8 0 1 0 0 1
0 3 19 0 14 0 1 0 0 1
1 2 34 0 13 1 0 0 0 1
1 1 39 1 55 1 0 0 0 1
0 3 29 1 14 1 0 1 0 0
1 3 32 0 7 0 1 0 0 1
1 2 25 1 30 1 0 0 0 1
1 1 39 1 110 1 0 1 0 0
0 2 54 0 26 0 1 0 0 1
0 1 36 0 40 0 1 1 0 0
0 3 29 0 8 0 1 1 0 0
1 1 18 0 79 1 0 0 0 1
0 2 47 0 15 0 1 0 0 1
1 1 60 1 79 0 1 1 0 0
0 3 22 0 8 0 1 0 0 1
0 3 29 0 8 0 1 0 0 1
0 3 35 0 7 0 1 0 0 1
1 1 52 1 78 1 0 1 0 0
0 3 47 0 7 0 1 0 0 1
0 3 29 0 7 1 0 0 1 0
0 2 37 1 26 0 1 0 0 1
0 3 36 1 24 0 1 0 0 1
1 2 29 0 33 1 0 0 0 1
0 3 49 0 0 0 1 0 0 1
0 3 29 0 7 0 1 1 0 0
1 1 49 1 56 0 1 1 0 0
1 2 24 2 27 1 0 0 0 1
0 3 29 0 7 0 1 0 0 1
0 1 29 0 42 0 1 0 0 1
0 3 44 0 8 0 1 0 0 1
1 1 35 0 26 0 1 1 0 0
0 3 36 1 15 0 1 0 0 1
0 3 30 0 7 0 1 0 0 1
1 1 27 0 30 0 1 0 0 1
1 2 22 1 41 1 0 1 0 0
1 1 40 0 153 1 0 0 0 1
0 3 39 1 31 1 0 0 0 1
0 3 29 0 7 0 1 0 0 1
1 3 29 1 15 1 0 0 1 0
0 3 29 0 7 0 1 0 1 0
0 3 35 0 8 0 1 0 0 1
1 2 24 1 65 1 0 0 0 1
0 3 34 1 14 0 1 0 0 1
0 3 26 1 16 1 0 0 0 1
1 2 4 2 39 1 0 0 0 1
0 2 26 0 10 0 1 0 0 1
0 3 27 1 14 0 1 1 0 0
1 1 42 1 52 0 1 0 0 1
1 3 20 1 15 0 1 1 0 0
0 3 21 0 7 0 1 0 0 1
0 3 21 0 16 0 1 0 0 1
0 1 61 0 32 0 1 0 0 1
0 2 57 0 12 0 1 0 1 0
1 1 21 0 77 1 0 0 0 1
0 3 26 0 7 0 1 0 0 1
0 3 29 0 7 0 1 0 1 0
1 1 80 0 30 0 1 0 0 1
0 3 51 0 7 0 1 0 0 1
1 1 32 0 30 0 1 1 0 0
0 1 29 0 0 0 1 0 0 1
0 3 9 3 27 1 0 0 0 1
1 2 28 0 13 1 0 0 0 1
0 3 32 0 7 0 1 0 0 1
0 2 31 1 26 0 1 0 0 1
0 3 41 0 39 1 0 0 0 1
0 3 29 1 16 0 1 0 0 1
0 3 20 0 7 0 1 0 0 1
1 1 24 0 69 1 0 1 0 0
0 3 2 3 27 1 0 0 0 1
1 3 29 0 56 0 1 0 0 1
1 3 0 2 19 1 0 1 0 0
1 1 48 1 76 0 1 1 0 0
0 3 19 0 7 0 1 0 0 1
1 1 56 0 35 0 1 1 0 0
0 3 29 0 7 0 1 0 0 1
1 3 23 0 7 1 0 0 0 1
0 3 29 0 7 0 1 0 0 1
1 2 18 0 23 1 0 0 0 1
0 3 21 0 8 0 1 0 0 1
1 3 29 0 7 1 0 0 1 0
0 3 18 0 6 1 0 0 1 0
0 2 24 2 73 0 1 0 0 1
0 3 29 0 7 0 1 0 0 1
0 3 32 1 15 1 0 0 1 0
0 2 23 0 13 0 1 0 0 1
0 1 58 0 113 0 1 1 0 0
1 1 50 2 133 0 1 0 0 1
0 3 40 0 7 0 1 1 0 0
0 1 47 0 25 0 1 0 0 1
0 3 36 0 7 0 1 0 0 1
1 3 20 1 7 0 1 0 0 1
0 2 32 2 73 0 1 0 0 1
0 2 25 0 13 0 1 0 0 1
0 3 29 0 7 0 1 0 0 1
0 3 43 0 8 0 1 0 0 1
1 1 29 1 52 1 0 0 0 1
1 2 40 1 39 1 0 0 0 1
0 1 31 1 52 0 1 0 0 1
0 2 70 0 10 0 1 0 0 1
1 2 31 0 13 0 1 0 0 1
0 2 29 0 0 0 1 0 0 1
0 3 18 0 7 0 1 0 0 1
0 3 24 0 8 0 1 0 0 1
1 3 18 0 9 1 0 0 0 1
0 3 43 1 46 1 0 0 0 1
1 1 36 0 512 0 1 1 0 0
0 3 29 0 8 1 0 0 1 0
1 1 27 0 76 0 1 1 0 0
0 3 20 0 9 0 1 0 0 1
0 3 14 5 46 0 1 0 0 1
0 2 60 1 39 0 1 0 0 1
0 2 25 1 41 0 1 1 0 0
0 3 14 4 39 0 1 0 0 1
0 3 19 0 10 0 1 0 0 1
0 3 18 0 7 0 1 0 0 1
1 1 15 0 211 1 0 0 0 1
1 1 31 1 57 0 1 0 0 1
1 3 4 0 13 1 0 1 0 0
1 3 29 0 56 0 1 0 0 1
0 3 25 0 7 0 1 1 0 0
0 1 60 0 26 0 1 0 0 1
0 2 52 0 13 0 1 0 0 1
0 3 44 0 8 0 1 0 0 1
1 3 29 0 7 1 0 0 1 0
0 1 49 1 110 0 1 1 0 0
0 3 42 0 7 0 1 0 0 1
1 1 18 1 227 1 0 1 0 0
1 1 35 0 26 0 1 0 0 1
0 3 18 0 14 1 0 1 0 0
0 3 25 0 7 0 1 0 1 0
0 3 26 1 7 0 1 0 0 1
0 2 39 0 26 0 1 0 0 1
1 2 45 0 13 1 0 0 0 1
1 1 42 0 26 0 1 0 0 1
1 1 22 0 151 1 0 0 0 1
1 3 29 1 15 0 1 1 0 0
1 1 24 0 49 1 0 1 0 0
0 1 29 0 26 0 1 0 0 1
1 1 48 1 52 0 1 0 0 1
0 3 29 0 9 0 1 0 0 1
0 2 52 0 13 0 1 0 0 1
0 3 19 0 7 0 1 0 0 1
1 1 38 0 227 1 0 1 0 0
1 2 27 0 10 1 0 0 0 1
0 3 29 0 15 0 1 0 1 0
0 3 33 0 7 0 1 0 0 1
1 2 6 0 33 1 0 0 0 1
0 3 17 1 7 0 1 0 0 1
0 2 34 0 13 0 1 0 0 1
0 2 50 0 13 0 1 0 0 1
1 1 27 1 53 0 1 0 0 1
0 3 20 0 8 0 1 0 0 1
1 2 30 3 21 1 0 0 0 1
1 3 29 0 7 1 0 0 1 0
0 2 25 1 26 0 1 0 0 1
0 3 25 1 7 1 0 0 0 1
1 1 29 0 211 1 0 0 0 1
0 3 11 0 18 0 1 1 0 0
0 2 29 0 0 0 1 0 0 1
0 2 23 0 13 0 1 0 0 1
0 2 23 0 13 0 1 0 0 1
0 3 28 0 16 0 1 0 0 1
0 3 48 1 34 1 0 0 0 1
1 1 35 0 512 0 1 1 0 0
0 3 29 0 7 0 1 0 0 1
0 3 29 0 7 0 1 0 0 1
1 1 29 0 30 0 1 0 0 1
0 1 36 1 78 0 1 0 0 1
1 1 21 2 262 1 0 1 0 0
0 3 24 1 16 0 1 0 0 1
1 3 31 0 7 0 1 0 0 1
0 1 70 1 71 0 1 0 0 1
0 3 16 1 20 0 1 0 0 1
1 2 30 0 13 1 0 0 0 1
0 1 19 1 53 0 1 0 0 1
0 3 31 0 7 0 1 0 1 0
1 2 4 1 23 1 0 0 0 1
1 3 6 0 12 0 1 0 0 1
0 3 33 0 9 0 1 0 0 1
0 3 23 0 7 0 1 0 0 1
1 2 48 1 65 1 0 0 0 1
1 2 0 1 14 0 1 0 0 1
0 3 28 0 7 0 1 0 0 1
0 2 18 0 11 0 1 0 0 1
0 3 34 0 8 0 1 0 0 1
1 1 33 0 86 1 0 0 0 1
0 3 29 0 14 0 1 0 0 1
0 3 41 0 7 0 1 0 0 1
1 3 20 0 7 0 1 1 0 0
1 1 36 1 120 1 0 0 0 1
0 3 16 0 7 0 1 0 0 1
1 1 51 1 77 1 0 0 0 1
0 1 29 0 39 0 1 1 0 0
0 3 30 0 7 1 0 0 1 0
0 3 29 1 24 0 1 0 1 0
0 3 32 0 8 0 1 0 0 1
0 3 24 0 9 0 1 0 0 1
0 3 48 0 7 0 1 0 0 1
0 2 57 0 10 1 0 0 0 1
0 3 29 0 7 0 1 1 0 0
1 2 54 1 23 1 0 0 0 1
0 3 18 0 7 0 1 0 0 1
0 3 29 0 7 0 1 0 1 0
1 3 5 0 12 1 0 0 0 1
0 3 29 0 7 0 1 0 1 0
1 1 43 0 211 1 0 0 0 1
1 3 13 0 7 1 0 1 0 0
1 1 17 1 57 1 0 0 0 1
0 1 29 0 30 0 1 0 0 1
0 3 29 1 23 0 1 0 0 1
0 3 25 0 7 0 1 0 0 1
0 3 25 0 7 0 1 0 0 1
1 3 18 0 7 1 0 0 0 1
0 3 8 4 29 0 1 0 1 0
1 3 1 1 20 0 1 0 0 1
0 1 46 0 79 0 1 1 0 0
0 3 29 0 7 0 1 0 1 0
0 2 16 0 26 0 1 0 0 1
0 3 29 8 69 1 0 0 0 1
0 1 29 0 30 0 1 1 0 0
0 3 25 0 7 0 1 0 0 1
0 2 39 0 13 0 1 0 0 1
1 1 49 0 25 1 0 0 0 1
1 3 31 0 8 1 0 0 0 1
0 3 30 0 7 0 1 1 0 0
0 3 30 1 24 1 0 0 0 1
0 2 34 0 13 0 1 0 0 1
1 2 31 1 26 1 0 0 0 1
1 1 11 1 120 0 1 0 0 1
1 3 0 0 8 0 1 1 0 0
1 3 27 0 6 0 1 0 0 1
0 3 31 0 7 0 1 0 0 1
0 1 39 0 0 0 1 0 0 1
0 3 18 0 7 1 0 0 0 1
0 2 39 0 13 0 1 0 0 1
1 1 33 1 53 1 0 0 0 1
0 3 26 0 7 0 1 0 0 1
0 3 39 0 24 0 1 0 0 1
0 2 35 0 10 0 1 0 0 1
0 3 6 4 31 1 0 0 0 1
0 3 30 0 8 0 1 0 0 1
0 1 29 0 0 0 1 0 0 1
0 3 23 0 7 1 0 0 0 1
0 2 31 1 37 0 1 1 0 0
0 3 43 0 6 0 1 0 0 1
0 3 10 3 27 0 1 0 0 1
1 1 52 1 93 1 0 0 0 1
1 3 27 0 8 0 1 0 0 1
0 1 38 0 0 0 1 0 0 1
1 3 27 0 12 1 0 0 0 1
0 3 2 4 39 0 1 0 0 1
0 3 29 0 6 0 1 0 1 0
0 3 29 0 56 0 1 0 0 1
1 2 1 0 37 0 1 1 0 0
1 3 29 0 7 0 1 0 1 0
1 1 62 0 80 1 0 0 0 0
1 3 15 1 14 1 0 1 0 0
1 2 0 1 18 0 1 0 0 1
0 3 29 0 7 0 1 1 0 0
0 3 23 0 7 0 1 0 0 1
0 3 18 0 8 0 1 0 0 1
1 1 39 1 83 1 0 1 0 0
0 3 21 0 8 0 1 0 0 1
0 3 29 0 8 0 1 0 0 1
1 3 32 0 56 0 1 0 0 1
1 1 29 0 29 0 1 1 0 0
0 3 20 0 7 0 1 0 0 1
0 2 16 0 10 0 1 0 0 1
1 1 30 0 31 1 0 1 0 0
0 3 34 0 6 0 1 1 0 0
0 3 17 0 8 0 1 0 0 1
0 3 42 0 7 0 1 0 0 1
0 3 29 8 69 0 1 0 0 1
0 3 35 0 7 0 1 1 0 0
0 2 28 0 33 0 1 0 0 1
1 1 29 1 89 1 0 1 0 0
0 3 4 4 31 0 1 0 0 1
0 3 74 0 7 0 1 0 0 1
0 3 9 1 15 1 0 1 0 0
1 1 16 0 39 1 0 0 0 1
0 2 44 1 26 1 0 0 0 1
1 3 18 0 9 1 0 0 0 1
1 1 45 1 164 1 0 0 0 1
1 1 51 0 26 0 1 0 0 1
1 3 24 0 19 1 0 1 0 0
0 3 29 0 7 0 1 1 0 0
0 3 41 2 14 0 1 0 0 1
0 2 21 1 11 0 1 0 0 1
1 1 48 0 25 1 0 0 0 1
0 3 29 8 69 1 0 0 0 1
0 2 24 0 13 0 1 0 0 1
1 2 42 0 13 1 0 0 0 1
1 2 27 1 13 1 0 1 0 0
0 1 31 0 50 0 1 0 0 1
0 3 29 0 9 0 1 0 0 1
1 3 4 1 11 0 1 0 0 1
0 3 26 0 7 0 1 0 0 1
1 1 47 1 52 1 0 0 0 1
0 1 33 0 5 0 1 0 0 1
0 3 47 0 9 0 1 0 0 1
1 2 28 1 24 1 0 1 0 0
1 3 15 0 7 1 0 1 0 0
0 3 20 0 9 0 1 0 0 1
0 3 19 0 7 0 1 0 0 1
0 3 29 0 7 0 1 0 0 1
1 1 56 0 83 1 0 1 0 0
1 2 25 0 26 1 0 0 0 1
0 3 33 0 7 0 1 0 0 1
0 3 22 0 10 1 0 0 0 1
0 2 28 0 10 0 1 0 0 1
0 3 25 0 7 0 1 0 0 1
0 3 39 0 29 1 0 0 1 0
0 2 27 0 13 0 1 0 0 1
1 1 19 0 30 1 0 0 0 1
0 3 29 1 23 1 0 0 0 1
1 1 26 0 30 0 1 1 0 0
0 3 32 0 7 0 1 0 1 0
